Reward
-120541.65
-120357.53501249998
-120205.74568170938
-81.4213630195492
-67.03552885513913
-20099.153713212676
-40103.792448630695
-40114.80482355879
-20100.87796274781
-60117.47744661045
-120541.65
-120357.53501249998
-120205.74568170938
-81.4213630195492
-58.870098566832546
-20081.16773691347
-71.00876552436
-40104.984830552115
-92.62470162983479
-40098.45874741196
-120541.65
-120357.53501249998
-120205.74568170938
-81.4213630195492
-71.6559298753874
-20084.51634360427
-20081.48662657528
-40124.549932842805
-60117.419933536854
-20112.56880995196
-120541.65
-120357.53501249998
-120205.74568170938
-81.4213630195492
-64.05323415800916
-20078.36899454555
-60.51769981790092
-20081.71097948712
-40085.620955398284
-20113.087206089538
-120541.65
-120357.53501249998
-120205.74568170938
-81.4213630195492
-69.77087137889076
-43.418126904056095
-94.86140754940087
-20088.000983399903
-40107.23181215784
-40096.560761832945
-120541.65
-120357.53501249998
-120205.74568170938
-81.4213630195492
-59.33542334805622
-62.54289307322035
-50.59151510064379
-93.9907675712274
-40134.131999155135
-40111.560597649805
-120541.65
-120357.53501249998
-120205.74568170938
-81.4213630195492
-20065.33911188391
-51.94639176313274
-80.33868152442125
-40097.39503503767
-40120.03938405218
-40109.9821260936
-120541.65
-120357.53501249998
-120205.74568170938
-81.4213630195492
-70.01675732709599
-20076.503500005427
-82.0437298874595
-40095.40070200037
-60115.61843268508
-87.89973658450235
-120541.65
-120357.53501249998
-120205.74568170938
-81.4213630195492
-69.74596496751937
-20107.14222553644
-40098.53947806995
-85.83561066382529
-60140.77998327312
-40103.50257354225
-120541.65
-120357.53501249998
-120205.74568170938
-81.4213630195492
-53.60293408284696
-20090.777495475762
-60106.583844967055
-40102.50172102087
-40125.02882038307
-60120.898084636035
-120541.65
-120357.53501249998
-120205.74568170938
-81.4213630195492
-20093.21293436746
-84.89576319105775
-40132.169595256535
-60098.0543646696
-20080.999035546643
-40090.08665591987
-120541.65
-120357.53501249998
-120205.74568170938
-81.4213630195492
-64.7639515426522
-20097.748072481103
-40127.139050308775
-60106.75136220961
-20086.641676110776
-60140.16720511617
-120541.65
-120357.53501249998
-120205.74568170938
-81.4213630195492
-58.128341573233264
-20085.406087111332
-20089.01825570495
-75.25911492305679
-79.83836482208673
-20099.140083126764
-120541.65
-120357.53501249998
-120205.74568170938
-81.4213630195492
-38.5271802693003
-88.44712721327278
-20082.89462722073
-20077.431125431747
-20104.023302604535
-40128.78341886517
-120541.65
-120357.53501249998
-120205.74568170938
-81.4213630195492
-56.487081549092
-88.92774174340099
-40111.835839257925
-20082.283414020007
-60113.58655314678
-20075.956669315696
-120541.65
-120357.53501249998
-120205.74568170938
-81.4213630195492
-20086.981496425935
-20086.715056374804
-20086.488792728655
-60136.37439857519
-20076.08869676276
-40093.54852427021
-120541.65
-120357.53501249998
-120205.74568170938
-81.4213630195492
-59.582970827799784
-20078.28549746427
-20081.9003317195
-44.583393121609625
-20098.481450099833
-40087.79218384339
-120541.65
-120357.53501249998
-120205.74568170938
-81.4213630195492
-52.183993269104775
-20074.993897120337
-20092.00060553354
-20085.604123787387
-40116.94312980427
-20082.98470775185
-120541.65
-120357.53501249998
-120205.74568170938
-81.4213630195492
-62.07768995304687
-20105.12016919334
-40085.25687396133
-90.24777583611792
-60121.857766051246
-20095.73968069774
-120541.65
-120357.53501249998
-120205.74568170938
-81.4213630195492
-55.648538094982754
-86.85132559232366
-20104.502720724733
-40122.41610469467
-80148.61517478012
-20082.835306261437
-120541.65
-120357.53501249998
-120205.74568170938
-81.4213630195492
-87.12641103794122
-40088.616726489876
-100.86272093851267
-40107.64094254521
-60125.176381737845
-20094.199953952048
-120541.65
-120357.53501249998
-120205.74568170938
-81.4213630195492
-62.83554782509102
-70.93711623249645
-20106.81386187328
-20096.483136148938
-20119.833117310023
-100144.17265941112
-120541.65
-120357.53501249998
-120205.74568170938
-81.4213630195492
-84.25901310532772
-40117.11326299454
-40104.1000290673
-20078.611983633968
-20079.545214122893
-40110.056868858155
-120541.65
-120357.53501249998
-120205.74568170938
-81.4213630195492
-62.9825205312794
-60116.57190558314
-20081.359464117573
-20085.297526118884
-40115.06263675813
-40098.65757126403
-120541.65
-120357.53501249998
-120205.74568170938
-81.4213630195492
-72.67950814913769
-20085.57809485318
-20084.119978826802
-40099.71251002128
-70.64965497515367
-60126.41389072223
-120541.65
-120357.53501249998
-120205.74568170938
-81.4213630195492
-87.23150793087743
-40097.69494834257
-54.19601860273759
-20101.147484246318
-40115.50667489381
-40103.435490570584
-120541.65
-120357.53501249998
-120205.74568170938
-81.4213630195492
-58.47124528004796
-90.0753577580515
-40131.57102761594
-40100.69352994558
-40098.71075287426
-20101.393282255365
-120541.65
-120357.53501249998
-120205.74568170938
-81.4213630195492
-64.25494850541456
-40103.089946183376
-79.79191395589942
-81.51013009008992
-40111.628336085465
-20106.6551904013
-120541.65
-120357.53501249998
-120205.74568170938
-81.4213630195492
-86.93765597785087
-40106.876018037416
-20085.28687868527
-40099.45535064693
-40092.34998276623
-75.15273342452363
-120541.65
-120357.53501249998
-120205.74568170938
-81.4213630195492
-39.27378340601274
-80.49739179518701
-66.96038558388202
-20091.521693624523
-20103.878289175966
-60117.12370944824
-120541.65
-120357.53501249998
-120205.74568170938
-81.4213630195492
-53.875409370504684
-92.49340444860226
-60156.073950154605
-80149.92413311878
-40096.00415495534
-20095.57498388605
-120541.65
-120357.53501249998
-120205.74568170938
-81.4213630195492
-66.05341862794042
-79.52533420909366
-20081.726451919287
-20089.977063087896
-40088.27033661273
-40092.70566909046
-120541.65
-120357.53501249998
-120205.74568170938
-81.4213630195492
-55.57434091962166
-40092.22335841195
-82.99548865640892
-40105.33490210125
-20091.877314342037
-40121.46500781631
-120541.65
-120357.53501249998
-120205.74568170938
-81.4213630195492
-73.16060190015192
-40088.81340804665
-20080.143679350673
-20087.929529158002
-60114.282192295585
-20084.77491087825
-120541.65
-120357.53501249998
-120205.74568170938
-81.4213630195492
-48.50615991603935
-51.93434269243774
-20054.002869696993
-20086.198249076413
-40114.27710603621
-40085.71419386069
-120541.65
-120357.53501249998
-120205.74568170938
-81.4213630195492
-20105.337612726893
-103.12660114463061
-40098.306233601754
-60112.85107977768
-20095.392842222238
-20102.686262270705
-120541.65
-120357.53501249998
-120205.74568170938
-81.4213630195492
-20107.29889857254
-40083.42240322417
-20104.429893041524
-40107.192639976754
-40080.71487890646
-62.66158930821044
-120541.65
-120357.53501249998
-120205.74568170938
-81.4213630195492
-87.25992843599116
-20090.886470586942
-40115.20859582278
-20088.102346056796
-40127.658117003644
-40130.161828600656
-120541.65
-120357.53501249998
-120205.74568170938
-81.4213630195492
-50.663051732732015
-20074.12865481138
-20082.31323081522
-40107.99307191363
-20072.866232328113
-20094.94589802506
-120541.65
-120357.53501249998
-120205.74568170938
-81.4213630195492
-61.79269410661272
-84.77892839796759
-40101.56496502927
-20079.75486372012
-79.12738945381335
-20079.124253942427
-120541.65
-120357.53501249998
-120205.74568170938
-81.4213630195492
-65.88783444705498
-69.16609909515128
-40115.82346877042
-60113.688561213625
-20070.532558495703
-77.65314706994954
-120541.65
-120357.53501249998
-120205.74568170938
-81.4213630195492
-46.48155590261825
-82.11855642335505
-40100.00753088535
-65.78014762398728
-20089.242606675107
-40113.47395013576
-120541.65
-120357.53501249998
-120205.74568170938
-81.4213630195492
-98.29113264276265
-40112.23439688219
-60119.585071555855
-40095.201284045295
-40105.94666984935
-40107.693503574854
-120541.65
-120357.53501249998
-120205.74568170938
-81.4213630195492
-92.46943814599827
-20105.445642474806
-60103.01449108778
-77.33536966133296
-40109.90527193429
-40112.2474636447
-120541.65
-120357.53501249998
-120205.74568170938
-81.4213630195492
-80.4844418356782
-20080.709040422294
-76.87310991463114
-84.64113194997229
-60122.7842326073
-40084.48655254024
-120541.65
-120357.53501249998
-120205.74568170938
-81.4213630195492
-57.6769105709173
-20076.53508944066
-40136.09854714259
-80151.93605863868
-80117.72655016082
-79.3626074364941
-120541.65
-120357.53501249998
-120205.74568170938
-81.4213630195492
-53.282057776069195
-72.47602880185877
-40084.486332166016
-82.24743907935061
-80138.8851475119
-79.05207791412968
-120541.65
-120357.53501249998
-120205.74568170938
-81.4213630195492
-48.99270780806728
-59.392457003719166
-40093.96162061572
-66.60904367490676
-60133.20575123377
-40096.001229414214
-120541.65
-120357.53501249998
-120205.74568170938
-81.4213630195492
-20095.62817964032
-20084.971021526384
-60136.262684683345
-40090.75022437024
-20078.826941594918
-40125.79005238708
-120541.65
-120357.53501249998
-120205.74568170938
-81.4213630195492
-68.4931754336362
-20079.88505477059
-20086.31758237031
-20082.872280514744
-20104.86494991731
-40120.32675808026
-120541.65
-120357.53501249998
-120205.74568170938
-81.4213630195492
-61.67577887889445
-94.05278733238863
-80160.9766575665
-20084.585461148316
-20095.442544825575
-20094.479206041466
-120541.65
-120357.53501249998
-120205.74568170938
-81.4213630195492
-63.73031360322481
-20114.679923318163
-40092.10187953095
-40109.3501697445
-40119.98795995455
-40109.45657982807
-120541.65
-120357.53501249998
-120205.74568170938
-81.4213630195492
-20083.410390291134
-80.70068917488183
-20089.927104581813
-20072.78977884562
-40128.35693405087
-40099.293840636434
-120541.65
-120357.53501249998
-120205.74568170938
-81.4213630195492
-84.98686368239242
-95.3737623851028
-40121.832741152866
-60135.2613371577
-40101.33531441542
-80111.36936000372
-120541.65
-120357.53501249998
-120205.74568170938
-81.4213630195492
-68.37130217111309
-40088.14725582238
-40121.75620098838
-40122.67910308654
-20112.734167294035
-60145.07718016412
-120541.65
-120357.53501249998
-120205.74568170938
-81.4213630195492
-54.69894334192279
-56.954798823943214
-20116.266378101554
-20091.980832208246
-80125.4496413965
-20099.98755318957
-120541.65
-120357.53501249998
-120205.74568170938
-81.4213630195492
-51.95723463399594
-84.96519177793957
-60126.497643247305
-40094.563853749074
-20104.73907705141
-40114.224416868165
-120541.65
-120357.53501249998
-120205.74568170938
-81.4213630195492
-44.995999471045536
-20066.622046421882
-84.13095299980512
-20092.67224416859
-20094.61785530476
-20095.669332575733
-120541.65
-120357.53501249998
-120205.74568170938
-81.4213630195492
-20081.61811470627
-20076.652041930305
-20103.341150539407
-20106.49005389935
-60119.939055509174
-20100.622413238438
-120541.65
-120357.53501249998
-120205.74568170938
-81.4213630195492
-72.85488204793
-84.42353252817053
-40127.78769992209
-20086.029607693883
-40105.317888938036
-40081.2190764451
-120541.65
-120357.53501249998
-120205.74568170938
-81.4213630195492
-54.12944362241852
-59.04319193598817
-40102.42377565625
-91.38013711443558
-40121.90035858137
-20096.63448554273
-120541.65
-120357.53501249998
-120205.74568170938
-81.4213630195492
-74.57600266483847
-20069.915325997972
-80.53672431826875
-40127.161568823445
-80129.5260171023
-20100.52453977361
-120541.65
-120357.53501249998
-120205.74568170938
-81.4213630195492
-64.70900796424151
-20099.367855544937
-65.28175242585125
-20092.838556993513
-94.52076502042628
-60134.09357218648
-120541.65
-120357.53501249998
-120205.74568170938
-81.4213630195492
-57.88116731023753
-55.28720613419077
-54.000295299682215
-20071.048736160385
-68.28823871520875
-111.74861832370497
-120541.65
-120357.53501249998
-120205.74568170938
-81.4213630195492
-68.20323720873
-40107.46159315028
-67.40263067981779
-40102.251761546824
-20109.51165161902
-97.08277494073049
-120541.65
-120357.53501249998
-120205.74568170938
-81.4213630195492
-86.20380871130928
-20073.64813607279
-20096.726576672434
-20088.990789461637
-60101.419286857796
-20085.32713609492
-120541.65
-120357.53501249998
-120205.74568170938
-81.4213630195492
-98.33583935234306
-40095.338196126206
-40086.53467347844
-40077.84155106173
-89.62356874825369
-60142.68905552635
-120541.65
-120357.53501249998
-120205.74568170938
-81.4213630195492
-41.308925113407454
-67.2730405382011
-67.93000715193538
-70.5477768310258
-20103.653299287023
-60120.84657694365
-120541.65
-120357.53501249998
-120205.74568170938
-81.4213630195492
-47.11535537237231
-20072.995638873053
-72.20936536560467
-20067.045288514786
-92.29590211226481
-40118.193692544104
-120541.65
-120357.53501249998
-120205.74568170938
-81.4213630195492
-77.10593537355851
-67.779802352718
-71.51404976650412
-60137.860321121225
-40075.88251151381
-81.4165721990922
-120541.65
-120357.53501249998
-120205.74568170938
-81.4213630195492
-72.15572153735457
-20117.257631171124
-40120.96342479282
-100142.04992469355
-20085.410956192984
-20101.470243227475
-120541.65
-120357.53501249998
-120205.74568170938
-81.4213630195492
-20083.494401729396
-20063.918407827823
-78.68884529048775
-40108.06492563486
-40091.21200242065
-20086.744389817923
-120541.65
-120357.53501249998
-120205.74568170938
-81.4213630195492
-74.78241856169761
-20067.73476900813
-20103.09229685612
-20104.526763665963
-60122.80307970403
-20116.08852360342
-120541.65
-120357.53501249998
-120205.74568170938
-81.4213630195492
-73.78247263897141
-66.6307948821484
-40096.3503463712
-20068.2115764272
-20064.85335155718
-67.22950854298502
-120541.65
-120357.53501249998
-120205.74568170938
-81.4213630195492
-77.46856492382209
-65.25364731693895
-82.8908198729705
-40101.67128757858
-40114.66360379372
-40113.58061580128
-120541.65
-120357.53501249998
-120205.74568170938
-81.4213630195492
-31.294491838184776
-76.09104188965327
-20107.42265870692
-40091.836646315656
-40083.16760928457
-51.042631028850955
-120541.65
-120357.53501249998
-120205.74568170938
-81.4213630195492
-56.92578008626543
-20089.333055190124
-20090.172298735124
-40085.70471068035
-40080.91526836837
-107.34866429275976
-120541.65
-120357.53501249998
-120205.74568170938
-81.4213630195492
-56.04688838253945
-70.84159883997046
-40099.87677570643
-20090.018192680593
-74.3262094015759
-60150.02897607903
-120541.65
-120357.53501249998
-120205.74568170938
-81.4213630195492
-69.40188236207014
-20094.84470452943
-40092.07860140807
-67.19498923849369
-20112.551295999994
-40109.325176299215
-120541.65
-120357.53501249998
-120205.74568170938
-81.4213630195492
-20083.236299313434
-20088.956119708637
-20106.391457183745
-40132.85669219538
-60126.39452966077
-40095.259077360315
-120541.65
-120357.53501249998
-120205.74568170938
-81.4213630195492
-91.27235581036865
-69.30070120061345
-60124.64675427087
-20065.003641986583
-20094.295844246513
-60108.942773135896
-120541.65
-120357.53501249998
-120205.74568170938
-81.4213630195492
-41.07369835024346
-78.23621621122143
-20103.335553564393
-40123.426855156154
-20091.637172755887
-90.45561439083426
-120541.65
-120357.53501249998
-120205.74568170938
-81.4213630195492
-66.46013469630248
-40095.94572061561
-20088.587281083517
-20082.40024115408
-60131.05839511361
-20087.689826568458
-120541.65
-120357.53501249998
-120205.74568170938
-81.4213630195492
-68.79453371059627
-84.54217669140431
-40112.55213394655
-40077.05118937245
-69.1763925291933
-70.31302628868724
-120541.65
-120357.53501249998
-120205.74568170938
-81.4213630195492
-67.25490666849879
-20112.252600397147
-40099.08038147311
-20075.6954171175
-20079.63119595669
-40111.49842667952
-120541.65
-120357.53501249998
-120205.74568170938
-81.4213630195492
-87.40574575003042
-20098.39200444763
-40100.01520572469
-60119.18479637962
-40099.47788673348
-60123.39664176981
-120541.65
-120357.53501249998
-120205.74568170938
-81.4213630195492
-51.111677373772096
-57.93688976370441
-61.88556277696315
-20114.577817705027
-20077.38072944159
-20117.528145317974
-120541.65
-120357.53501249998
-120205.74568170938
-81.4213630195492
-74.80849494186977
-61.7157470681393
-20104.43285971495
-94.58378775899584
-20091.34808896568
-60144.583021280254
-120541.65
-120357.53501249998
-120205.74568170938
-81.4213630195492
-62.83891358699454
-48.65565634790176
-64.35856270410639
-20097.203386329933
-40094.40343282583
-40116.01328178086
-120541.65
-120357.53501249998
-120205.74568170938
-81.4213630195492
-57.009642195769416
-56.4478380076487
-20075.81494307219
-61.4596844892238
-45.84819606617535
-40089.22105580269
-120541.65
-120357.53501249998
-120205.74568170938
-81.4213630195492
-59.00285271331835
-20100.196426883926
-40106.37250651968
-40102.10283175583
-100.79426782084703
-20095.11715538018
-120541.65
-120357.53501249998
-120205.74568170938
-81.4213630195492
-66.3276771461886
-96.91967240046489
-60137.590536697695
-60119.23943677102
-20099.6934025559
-80157.12984052797
-120541.65
-120357.53501249998
-120205.74568170938
-81.4213630195492
-72.2907371845725
-40122.24427224144
-20112.187413068543
-60116.71491188262
-87.20614193907532
-40115.03534137692
-120541.65
-120357.53501249998
-120205.74568170938
-81.4213630195492
-69.69749799698457
-20085.913736296963
-20104.14962615344
-60131.196972864156
-20076.43464878811
-20084.986702964216
-120541.65
-120357.53501249998
-120205.74568170938
-81.4213630195492
-82.49630772167136
-40141.21804132705
-20112.90098847305
-60107.543843948326
-40089.04678946338
-80.4570192281838
-120541.65
-120357.53501249998
-120205.74568170938
-81.4213630195492
-86.48953885903786
-20113.75079479996
-60129.04265707985
-89.51347660320738
-40096.83625112957
-60122.550223086604
-120541.65
-120357.53501249998
-120205.74568170938
-81.4213630195492
-68.78604572640798
-83.34563927441512
-60145.017335811775
-60100.32744810028
-20088.02603635078
-40108.98906298909
-120541.65
-120357.53501249998
-120205.74568170938
-81.4213630195492
-90.47255043686329
-40126.34068044628
-80129.8135455632
-20095.566036250533
-80159.79297451083
-20096.273867528365
-120541.65
-120357.53501249998
-120205.74568170938
-81.4213630195492
-46.096650417947416
-115.58196750334425
-60118.41356041574
-40087.048193126946
-20100.111537777888
-40104.210524005524
-120541.65
-120357.53501249998
-120205.74568170938
-81.4213630195492
-20085.39535933114
-103.12679676171028
-20099.800986172613
-40110.49653269063
-40117.77441100084
-20079.398906057802
